    unsorted:	 0.004935648214 0.005017220542 0.004981437161 0.4795615169 0.4056039636 2364.767374 2310.518218 2452.834811 2486.508460 2614.800144 2638.310976 2681.096459 2248.673449 2800.314196 2917.883639 2887.768116 2941.039184 3006.718082 2120.552134 2099.224585 3138.600626 3307.657556 1860.311480 3417.095640 3586.318186 3618.518555 3719.310700 3748.311502 3860.409356 1508.194761 1385.096851 1262.016076 1204.701644 945.2250475 4148.223873 4264.059720 746.5623729 664.9851497 44.49574500 64.57671332 176.2484529 377.4933448 4847.751432 5189.037979 5269.245273 5417.581206 6006.706754 6602.537286 8205.028314 9650.723487 11207.25244 19975.76818 24919.55169 29063.29785 38428.56856 40166.42222 755403.1042
      sorted:	 0.004935648214 0.004981437161 0.005017220542 0.4056039636 0.4795615169 44.49574500 64.57671332 176.2484529 377.4933448 664.9851497 746.5623729 945.2250475 1204.701644 1262.016076 1385.096851 1508.194761 1860.311480 2099.224585 2120.552134 2248.673449 2310.518218 2364.767374 2452.834811 2486.508460 2614.800144 2638.310976 2681.096459 2800.314196 2887.768116 2917.883639 2941.039184 3006.718082 3138.600626 3307.657556 3417.095640 3586.318186 3618.518555 3719.310700 3748.311502 3860.409356 4148.223873 4264.059720 4847.751432 5189.037979 5269.245273 5417.581206 6006.706754 6602.537286 8205.028314 9650.723487 11207.25244 19975.76818 24919.55169 29063.29785 38428.56856 40166.42222 755403.1042
