    unsorted:	 0.004935648214 0.005017176705 0.005006362515 0.4734103388 0.4451477392 2599.761358 2573.572069 2623.319925 2710.955687 2785.019214 2857.783375 2897.919110 2449.950609 3001.208234 2337.213732 3072.236210 3119.913357 2247.611289 2216.010058 2087.136350 2027.113856 3315.560286 1821.058766 3484.207611 3532.596724 3601.392714 3679.753422 1519.506580 1478.434313 1336.398111 1189.752802 922.8805322 738.7888260 648.9129338 54.55275586 36.92992722 65.72653472 326.2506198 3967.784862 4070.600191 4615.426199 4943.069287 5253.835508 5366.105587 6139.030482 6749.702733 7005.946163 9795.186655 11996.84064 21269.01199 23972.59746 28361.91651 40962.29653 46762.37702 712100.0014
      sorted:	 0.004935648214 0.005006362515 0.005017176705 0.4451477392 0.4734103388 36.92992722 54.55275586 65.72653472 326.2506198 648.9129338 738.7888260 922.8805322 1189.752802 1336.398111 1478.434313 1519.506580 1821.058766 2027.113856 2087.136350 2216.010058 2247.611289 2337.213732 2449.950609 2573.572069 2599.761358 2623.319925 2710.955687 2785.019214 2857.783375 2897.919110 3001.208234 3072.236210 3119.913357 3315.560286 3484.207611 3532.596724 3601.392714 3679.753422 3967.784862 4070.600191 4615.426199 4943.069287 5253.835508 5366.105587 6139.030482 6749.702733 7005.946163 9795.186655 11996.84064 21269.01199 23972.59746 28361.91651 40962.29653 46762.37702 712100.0014
