    unsorted:	 0.004935648225 0.005017254921 0.004979740458 0.4855016230 0.4733720927 2646.131212 2614.344036 2691.299651 2768.562364 2859.697774 2922.475736 2950.444802 3025.186162 3062.522686 2479.518489 2370.902694 2325.642499 2255.361375 3158.227505 2124.924476 2104.015001 3401.300318 3405.701423 3576.833360 3623.722733 1864.936582 3723.885910 3764.611937 1672.740127 1509.612188 1372.390537 3961.073658 1233.019867 4137.084084 946.8181673 4250.870137 749.7444726 670.7787615 46.48892474 66.45353107 413.8660737 195.7485841 4817.468635 5144.136913 5281.093686 5439.236463 6127.512831 6614.790756 7225.314532 8830.809225 10337.91780 11530.96699 23000.52977 26133.26325 29432.54472 37263.15130 40754.84884 798052.1130
      sorted:	 0.004935648225 0.004979740458 0.005017254921 0.4733720927 0.4855016230 46.48892474 66.45353107 195.7485841 413.8660737 670.7787615 749.7444726 946.8181673 1233.019867 1372.390537 1509.612188 1672.740127 1864.936582 2104.015001 2124.924476 2255.361375 2325.642499 2370.902694 2479.518489 2614.344036 2646.131212 2691.299651 2768.562364 2859.697774 2922.475736 2950.444802 3025.186162 3062.522686 3158.227505 3401.300318 3405.701423 3576.833360 3623.722733 3723.885910 3764.611937 3961.073658 4137.084084 4250.870137 4817.468635 5144.136913 5281.093686 5439.236463 6127.512831 6614.790756 7225.314532 8830.809225 10337.91780 11530.96699 23000.52977 26133.26325 29432.54472 37263.15130 40754.84884 798052.1130
