    unsorted:	 0.004935648226 0.005017241402 0.004997369592 0.4793612337 0.4265778731 2590.562756 2616.770314 2555.659122 2673.001211 2744.050991 2457.975517 2349.390202 2897.103327 2880.157582 2910.317682 2994.895289 2261.593797 2228.161058 2102.067739 2049.856263 3102.422307 3291.835002 3354.454007 1838.106854 3525.223843 3584.968870 3664.627381 3698.982887 1497.538465 1379.585442 1269.216767 1194.007653 931.9025549 742.0916350 654.7457295 62.56961248 44.65787707 95.00576200 334.2680627 4110.803894 4206.090203 5022.726871 5119.014191 5166.078149 5317.502357 6040.223434 6697.678012 7631.073253 9669.534974 11578.06051 20459.41996 24434.65296 28056.70582 39665.59135 43517.59045 729907.7820
      sorted:	 0.004935648226 0.004997369592 0.005017241402 0.4265778731 0.4793612337 44.65787707 62.56961248 95.00576200 334.2680627 654.7457295 742.0916350 931.9025549 1194.007653 1269.216767 1379.585442 1497.538465 1838.106854 2049.856263 2102.067739 2228.161058 2261.593797 2349.390202 2457.975517 2555.659122 2590.562756 2616.770314 2673.001211 2744.050991 2880.157582 2897.103327 2910.317682 2994.895289 3102.422307 3291.835002 3354.454007 3525.223843 3584.968870 3664.627381 3698.982887 4110.803894 4206.090203 5022.726871 5119.014191 5166.078149 5317.502357 6040.223434 6697.678012 7631.073253 9669.534974 11578.06051 20459.41996 24434.65296 28056.70582 39665.59135 43517.59045 729907.7820
