    unsorted:	 0.004935648215 0.005017395499 0.006310477427 0.1569375698 0.5028182038 0.3670464640 2600.786129 2585.623240 2710.789124 2530.358553 2450.186339 2339.546136 2837.617895 2798.120847 2897.837945 2930.085722 2265.303296 2217.175002 2099.492621 3031.154323 2058.878300 3092.974171 1836.910535 3341.488444 3461.057186 3514.501308 3605.993640 3677.791183 1496.273734 1400.591050 1319.267786 1206.200304 3861.346459 933.2222146 45.57674239 63.11884339 738.2991998 655.4347745 286.9944342 4172.131976 4858.016157 5000.697730 5279.496177 5484.144527 6286.204166 6328.766531 9058.107381 11054.53129 18782.20544 22783.55717 26701.84000 42394.76115 40994.53372 702777.6570
      sorted:	 0.004935648215 0.005017395499 0.006310477427 0.1569375698 0.3670464640 0.5028182038 45.57674239 63.11884339 286.9944342 655.4347745 738.2991998 933.2222146 1206.200304 1319.267786 1400.591050 1496.273734 1836.910535 2058.878300 2099.492621 2217.175002 2265.303296 2339.546136 2450.186339 2530.358553 2585.623240 2600.786129 2710.789124 2798.120847 2837.617895 2897.837945 2930.085722 3031.154323 3092.974171 3341.488444 3461.057186 3514.501308 3605.993640 3677.791183 3861.346459 4172.131976 4858.016157 5000.697730 5279.496177 5484.144527 6286.204166 6328.766531 9058.107381 11054.53129 18782.20544 22783.55717 26701.84000 40994.53372 42394.76115 702777.6570
